
strategic_region={
	id=21
	name="STRATEGICREGION_21"
	provinces={
		25 34 78 82 217 227 233 255 271 292 316 364 372 373 379 502 510 550 558 632 657 659 720 732 779 788 807 912 932 946 972 975 976 1005 1045 1048 1060 1110 1120 1162 1169 1263 1272 1274 1355 1356 1433 1451 1475 1587 1589 1606 1622 1653 1698 1705 1711 1720 1724 1730 1810 1813 1839 1848 1892 1900 2030 2058 2060 2089 2111 2123 2363 2366 2410 2556 2599 2673 2695 2724 2817 2820 2841 2852 2920 2939 2981 2988 2998 3007 3009 3056 3087 3100 3175 3183 3185 3191 3297 3387 3420 3469 3521 3543 3588 3682 3695 3699 3856 3876 3927 3960 3981 3995 4045 4099 4148 4174 4185 4207 4212 4266 4321 4352 4360 4361 4374 4383 4396 4403 4423 4553 4579 4603 4654 4678 4681 4683 4722 4779 4820 4863 4900 6531 6539 6540 6543 6549 6554 6573 6574 6578 6579 6585 6586 6601 6603 6604 6605 6606 6615 6620 6621 6626 6632 6633 6636 6637 6639 6640 6641 6643 6644 6646 6647 6648 6649 6650 6651 6652 6653 6657 6664 6669 6670 6676 6677 
	}
	weather={
	}
}
