
state={
	id=106
	name="STATE_106"

	history={
		owner = USM
		add_core_of = USM
		buildings = {
			infrastructure = 1
			arms_factory = 3
			industrial_complex = 7

		}

	}

	provinces={
		281 312 366 414 420 464 499 683 735 866 881 1012 1046 1077 1096 1102 1175 1176 1184 1186 1200 1201 1208 1316 1392 1588 1613 1629 1683 1814 1835 1858 1881 1912 2073 2304 2337 2359 2367 2437 2519 2582 2740 2782 2792 2848 2947 2966 2978 3033 3109 3122 3231 3334 3474 3483 3486 3487 3597 3621 3645 3755 3852 3892 3957 3991 4129 4255 4286 4368 4392 4393 4527 4567 4584 4587 4792 5348 5367 5433 5437 5439 5444 5481 5533 5559 5570 5573 5584 5588 5613 5625 5633 5655 5667 5689 5701 5797 
	}
	manpower=500000
	buildings_max_level_factor=1.000
	state_category=megalopolis
	local_supplies=0.000
}
