state={
	id=11
	name="STATE_11"
	manpower=620000
	state_category = large_city
	provinces={
		66 91 95 361 577 625 761 771 913 950 984 1214 1269 1420 1454 1799 2343 2408 2428 2451 2505 2597 2908 3025 3073 3093 3098 3141 3168 3484 3541 3664 3667 3684 3689 3701 3781 3956 4051 4208 4259 4273 4343 4421 4484 4493 4545 4588 4590 4877 6315 6319 6338 6344 6348 6353 6357 6361 6363 6364 6365 6381 6388 6391 6393 6395 6398 6399 6402 6407 6417 6421 
	}
	
	history={
		owner = ROO
		add_core_of = ROO
		buildings = {
			infrastructure = 3
			arms_factory = 1
			industrial_complex = 3

		}
	}
	buildings_max_level_factor=1.000
	local_supplies=0.000
}
