state={
	id=12
	name="STATE_12"
	provinces={
		68 445 538 770 778 786 827 909 1042 1124 1133 1205 1230 1264 1359 1367 1397 1598 2023 2067 2079 2119 2336 2344 2561 2651 2687 2698 2923 3034 3117 3133 3157 3244 3286 3323 3378 3382 3516 3582 3719 3792 3809 3875 3885 3992 4052 4134 4169 4220 4223 4486 4515 4561 4582 4615 4733 5901 5903 5931 5938 5970 5985 6000 6021 6025 6026 6036 6061 6072 6096 6100 6102 6111 6121 6127 6132 6145 6148 6161 6167 6172 6176 6182 6190 6198 
	}
	manpower=6200000
	history={
		owner = TBA
		core = TBA
		buildings = {
			infrastructure = 3
			arms_factory = 1
			industrial_complex = 3

		}
	}
	buildings_max_level_factor=1.000
	local_supplies=0.000
}
