state={
	id=122
	name="STATE_122"
	provinces={
		3 22 43 62 63 73 81 84 94 102 108 125 131 141 158 163 178 180 193 196 201 202 209 221 235 237 250 277 283 293 295 304 311 336 342 347 349 355 362 384 400 404 408 411 426 431 447 449 455 472 473 479 493 501 541 544 556 580 586 591 611 628 644 648 658 660 675 679 686 688 706 721 733 752 765 804 819 846 857 859 861 870 876 878 891 893 897 919 935 962 983 1010 1044 1058 1091 1115 1121 1129 1140 1145 1152 1157 1182 1222 1232 1238 1268 1271 1296 1301 1309 1318 1319 1330 1342 1346 1362 1386 1389 1412 1417 1423 1437 1438 1450 1453 1473 1507 1536 1558 1563 1597 1625 1634 1641 1661 1672 1674 1677 1708 1719 1726 1736 1784 1787 1789 1790 1857 1859 1863 1865 1867 1868 1894 1904 1914 1939 1940 1943 1958 1987 2004 2021 2052 2090 2091 2093 2098 2100 2122 2138 2139 2143 2159 2193 2196 2206 2222 2238 2245 2258 2260 2270 2296 2330 2332 2341 2362 2368 2377 2378 2381 2384 2388 2398 2514 2518 2531 2553 2554 2598 2603 2619 2620 2628 2671 2674 2675 2706 2711 2739 2800 2822 2839 2858 2861 2864 2888 2902 2904 2917 2935 2952 2976 2977 2984 3010 3064 3094 3128 3132 3154 3156 3163 3165 3167 3170 3202 3216 3224 3248 3253 3261 3279 3285 3294 3299 3365 3371 3375 3396 3431 3452 3475 3478 3513 3520 3522 3551 3565 3616 3626 3627 3640 3668 3674 3676 3679 3685 3694 3738 3745 3782 3802 3865 3893 3903 3936 3999 4059 4085 4090 4137 4150 4152 4158 4179 4188 4194 4239 4318 4410 4412 4450 4452 4457 4489 4492 4495 4517 4521 4529 4536 4539 4543 4614 4616 4622 4643 4651 4655 4660 4662 4664 4694 4699 4708 4727 4729 4741 4742 4744 4757 4766 4782 4784 4806 4889 4937 4945 4976 4999 5007 5026 5046 5060 5063 5072 5083 5105 5117 5118 5143 5170 5186 5202 5213 5223 5237 5252 5259 5271 5294 5305 5336 5341 5346 5349 5356 5358 5368 5372 5389 5390 5395 5414 5422 5436 5438 5445 5473 5479 5506 5507 5517 5540 5545 5562 5571 5577 5581 5596 5598 5620 5629 5651 5656 5661 5674 5693 5708 5720 5723 5729 5732 5733 5749 5762 5770 5773 5787 5792 5798 5803 5809 5814 5818 5828 5834 5838 5842 5857 5865 5930 5953 
	}
	manpower=500000
	state_category = megalopolis
	history={
		owner = USS
		add_core_of = USS
		buildings = {
			infrastructure = 1
			arms_factory = 3
			industrial_complex = 7

		}
	}
	buildings_max_level_factor=1.000
	local_supplies=0.000
}
