state={
	id=179
	name="STATE_179"
	provinces={
		4 9 17 24 39 46 51 69 93 113 118 122 138 166 169 174 186 187 198 203 230 257 259 263 273 288 406 410 422 433 435 436 439 444 451 476 477 481 482 486 488 495 500 509 534 555 570 582 590 617 637 674 687 705 723 725 739 750 780 785 798 821 847 856 877 900 921 923 931 985 1016 1030 1050 1062 1067 1125 1131 1143 1147 1199 1229 1249 1258 1260 1266 1276 1284 1293 1310 1323 1326 1329 1351 1358 1370 1387 1408 1457 1460 1466 1485 1500 1544 1578 1600 1621 1623 1642 1648 1693 1745 1793 1794 1816 1817 1832 1866 1899 1918 1926 1977 1981 1982 1989 2000 2009 2027 2034 2044 2045 2047 2054 2059 2074 2086 2102 2116 2127 2174 2203 2212 2221 2224 2239 2246 2276 2282 2290 2297 2310 2317 2327 2333 2334 2339 2483 2484 2515 2526 2529 2533 2637 2667 2716 2719 2721 2728 2753 2773 2795 2803 2844 2846 2853 2881 2896 2898 2915 2927 2928 2973 2974 2999 3013 3030 3041 3050 3103 3105 3118 3130 3194 3195 3240 3247 3260 3271 3290 3305 3328 3419 3423 3479 3493 3530 3610 3624 3666 3675 3681 3720 3727 3733 3748 3837 3838 3839 3840 3853 4029 4046 4077 4119 4132 4146 4151 4203 4217 4251 4264 4265 4284 4296 4301 4325 4373 4379 4381 4405 4432 4554 4569 4607 4611 4627 4629 4644 4659 4673 4702 4709 4814 4833 4839 4873 5879 5897 5910 5915 5937 5978 5988 6001 6024 6028 6034 6056 6063 6068 6076 6081 6085 6088 6092 6098 6116 6123 6133 6135 6136 6140 6158 6181 6185 6191 6193 6201 6212 6213 6218 6219 6226 6227 6228 6246 6252 6259 6266 6268 6270 6271 6272 6302 6309 6323 6330 6331 6339 6341 6351 6367 6373 6377 6384 6390 6403 6410 6411 6412 6423 6441 6469 6479 6499 
	}
	history={
		owner = USS
		add_core_of = USS
		buildings = {
			infrastructure = 3
			arms_factory = 3
			industrial_complex = 8
		}
	}
	manpower=15000000
	buildings_max_level_factor=1.000
	state_category=megalopolis
	local_supplies=0.000
}
