
state={
	id=211
	name="STATE_211"

	history={
		owner = BTV
		add_core_of = BTV
		buildings = {
			infrastructure = 3
			arms_factory = 4
			industrial_complex = 5

		}

	}

	provinces={
		59 71 128 140 199 219 262 286 302 313 378 497 551 562 573 609 618 818 887 925 977 1086 1104 1114 1136 1155 1250 1265 1298 1317 1322 1336 1406 1692 1709 1804 1838 1886 2078 2188 2209 2235 2284 2289 2433 2438 2493 2497 2525 2570 2652 2663 2749 2762 2808 2823 2931 3017 3051 3082 3181 3257 3274 3303 3326 3401 3416 3421 3426 3445 3450 3573 3577 3619 3691 3789 3845 3907 3908 3924 3987 4040 4142 4200 4326 4384 4440 4454 4471 4477 4482 4498 4525 4546 4550 4597 4626 4639 4670 4710 6438 6476 6506 6509 6510 6513 6516 6520 6524 6530 6544 6546 6559 6564 6568 6570 6576 6580 6584 6588 6595 6597 6607 
	}
	manpower=10000
	buildings_max_level_factor=1.000
	state_category=megalopolis
	local_supplies=0.000
}
