state={
	id=233
	name="STATE_233"
	provinces={
		20 25 33 34 74 78 82 101 114 133 134 168 181 194 217 222 227 233 246 255 271 292 316 332 364 372 373 377 379 382 412 502 510 549 550 557 558 563 632 657 659 666 700 720 732 755 767 779 788 807 830 832 912 932 946 959 972 975 976 1005 1036 1045 1048 1060 1089 1110 1120 1126 1127 1162 1169 1178 1242 1263 1272 1274 1286 1355 1356 1409 1433 1443 1451 1461 1462 1475 1566 1587 1589 1606 1622 1624 1653 1671 1698 1705 1711 1720 1724 1730 1810 1813 1839 1848 1892 1900 2030 2046 2058 2060 2089 2111 2123 2168 2275 2363 2366 2371 2410 2412 2416 2461 2499 2556 2595 2599 2673 2695 2724 2761 2774 2817 2820 2841 2850 2852 2884 2920 2939 2981 2988 2998 3007 3009 3056 3058 3087 3100 3131 3134 3175 3183 3185 3191 3227 3295 3297 3352 3387 3420 3469 3499 3521 3543 3566 3581 3588 3639 3682 3695 3699 3702 3786 3856 3868 3876 3927 3960 3979 3981 3995 4045 4096 4099 4148 4174 4185 4207 4212 4266 4269 4270 4310 4321 4352 4360 4361 4374 4383 4396 4403 4423 4553 4579 4603 4654 4678 4680 4681 4683 4722 4779 4811 4820 4863 4867 4900 6531 6539 6540 6543 6549 6554 6573 6574 6578 6579 6585 6586 6601 6603 6604 6605 6606 6615 6620 6621 6625 6626 6628 6632 6633 6634 6635 6636 6637 6638 6639 6640 6641 6642 6643 6644 6645 6646 6647 6648 6649 6650 6651 6652 6653 6654 6657 6661 6662 6664 6665 6669 6670 6671 6673 6676 6677 
	}
	manpower=2000000
	state_category = megalopolis
	history={
		owner = BTK
		add_core_of = BTK
		buildings = {
			infrastructure = 1
			arms_factory = 5
			industrial_complex = 5

		}
	}
	buildings_max_level_factor=1.000
	local_supplies=0.000
}
