state={
	id=233
	name="STATE_233"
	provinces={
		28 86 156 176 179 189 191 224 238 242 264 348 354 360 370 388 403 421 461 503 579 593 604 619 709 728 783 889 896 1000 1026 1183 1219 1347 1363 1384 1459 1518 1565 1574 1609 1631 1639 1649 1658 1725 1775 1781 1791 2062 2092 2165 2243 2248 2268 2293 2392 2396 2446 2472 2527 2547 2746 2831 2856 3023 3031 3062 3066 3139 3249 3311 3403 3481 3489 3576 3589 3618 3636 3648 3662 3822 3843 3930 3961 4042 4082 4138 4147 4163 4191 4198 4300 4508 4566 4589 4656 4775 4899 6455 6481 6489 6496 6500 6501 6507 6512 6518 6521 6527 6545 6547 6562 6583 6587 6599 6609 6610 6613 6623 6627 6631 
	}
	history={
		owner = SRD
		add_core_of = SRD
		buildings = {
			infrastructure = 3
			arms_factory = 1
			industrial_complex = 2

		}

	}
	manpower=1500000
	buildings_max_level_factor=1.000
	local_supplies=0.000
}
