state={
	id=234
	name="STATE_234"
	provinces={
		1 21 32 47 184 249 270 397 441 511 516 566 664 749 782 792 839 884 1011 1037 1054 1122 1150 1172 1204 1338 1374 1434 1526 1534 1583 1614 1637 1640 1647 1670 1696 1737 1808 1856 1909 1910 1941 1950 1978 2049 2084 2164 2228 2261 2273 2277 2400 2454 2545 2612 2662 2665 2668 2705 2801 2807 2816 2854 2863 2887 2897 2914 2956 3004 3146 3217 3291 3298 3301 3322 3341 3359 3369 3404 3460 3463 3509 3561 3595 3601 3611 3677 3709 3798 3919 4000 4015 4044 4102 4171 4182 4236 4250 4415 4426 4679 4687 4704 4731 4748 4904 4907 4908 4909 4914 4918 4920 4923 4926 4936 4943 4944 4949 4955 4959 4969 4971 4974 4977 4979 4981 4984 4985 4986 5000 5004 5018 5021 5030 5034 5037 5045 5050 5054 5059 5075 5078 5079 5080 5081 5089 5092 5096 5115 
	}
	manpower=2000000
	state_category = megalopolis
	history={
		owner = BTL
		add_core_of = BTL
		buildings = {
			infrastructure = 1
			arms_factory = 5
			industrial_complex = 5

		}
	}
	buildings_max_level_factor=1.000
	local_supplies=0.000
}
