state={
	id=234
	name="STATE_234"
	provinces={
		105 135 149 195 215 274 344 440 448 520 542 574 581 698 936 948 1015 1070 1078 1130 1154 1220 1236 1248 1535 1547 1554 1605 1610 1697 1704 1802 1861 1970 1980 2148 2274 2302 2308 2352 2376 2431 2491 2502 2535 2631 2643 2696 2871 2893 2990 3060 3177 3199 3292 3374 3558 3734 3743 3784 3794 3888 3938 3978 4009 4079 4293 4311 4390 4496 6281 6300 6383 6401 6405 6419 6434 6446 6454 6463 6467 6485 
	}
	history={
		owner = WRD
		add_core_of = WRD
		buildings = {
			infrastructure = 3
			arms_factory = 1
			industrial_complex = 2

		}

	}
	manpower=1500000
	buildings_max_level_factor=1.000
	local_supplies=0.000
	state_category=megalopolis
}
