state={
	id=235
	name="STATE_235"
	provinces={
		104 111 116 183 188 214 225 258 285 287 290 328 330 334 337 415 424 443 454 457 475 524 530 553 567 605 627 647 652 696 833 836 901 902 938 968 996 1017 1028 1029 1066 1075 1082 1101 1103 1128 1138 1164 1170 1177 1190 1203 1217 1239 1257 1304 1307 1366 1407 1455 1470 1479 1502 1509 1516 1538 1590 1599 1618 1638 1650 1654 1673 1680 1688 1710 1729 1747 1761 1803 1876 1877 1882 1916 1921 1936 1967 2006 2008 2018 2025 2040 2071 2081 2085 2094 2114 2120 2130 2149 2242 2255 2271 2292 2342 2349 2372 2391 2402 2445 2469 2478 2494 2509 2542 2548 2550 2555 2565 2577 2593 2596 2645 2647 2660 2661 2669 2681 2699 2707 2713 2718 2723 2730 2737 2741 2755 2768 2781 2791 2837 2878 2885 2903 2937 2944 2954 2957 2961 2965 2975 3005 3032 3035 3042 3053 3054 3055 3074 3099 3135 3138 3149 3184 3198 3204 3208 3223 3239 3243 3276 3282 3293 3304 3309 3313 3315 3324 3329 3335 3337 3338 3346 3362 3406 3407 3412 3417 3427 3453 3465 3467 3473 3477 3480 3482 3488 3519 3528 3533 3536 3547 3550 3585 3587 3591 3598 3609 3620 3630 3632 3635 3641 3649 3650 3657 3711 3729 3757 3767 3787 3797 3812 3829 3836 3841 3846 3861 3870 3887 3890 3895 3909 3914 3917 3941 3943 3964 3967 3968 3972 3977 3980 3983 4006 4018 4020 4026 4032 4034 4057 4060 4062 4080 4095 4097 4101 4124 4136 4184 4192 4216 4230 4231 4235 4256 4258 4260 4275 4292 4305 4307 4333 4334 4337 4342 4349 4353 4354 4356 4362 4365 4375 4397 4406 4416 4420 4429 4433 4455 4459 4460 4494 4502 4507 4512 4513 4516 4520 4526 4532 4538 4542 4560 4580 4581 4585 4594 4604 4617 4623 4633 4640 4688 4690 4693 4696 4697 4735 4745 4752 4758 4787 4803 4827 4836 4846 4851 4852 4854 4866 4868 4878 4880 4885 4886 4890 4893 4894 5329 5338 5347 5359 5423 5468 5476 5499 5503 5504 5532 5541 5549 5550 5560 5564 5572 5589 5594 5595 5599 5612 5618 5622 5638 5664 5675 5680 5685 5686 5688 5695 5696 5697 5704 5705 5712 5713 5730 5737 5742 5743 5745 5757 5758 5760 5763 5768 5783 5784 5794 5802 5810 5811 5815 5821 5826 5829 5830 5835 5836 5840 5843 5847 5851 5852 5862 5863 5866 5875 5881 5882 5885 5888 5891 5892 5894 5898 5899 5900 5905 5911 5916 5917 5918 5919 5920 5924 5928 5935 5941 5942 5945 5946 5947 5948 5949 5950 5955 5956 5968 5969 5974 5975 5976 5989 5992 5994 5995 5996 5999 6002 6006 6007 6008 6011 6012 6013 6017 6029 6031 6035 6038 6039 6045 6046 6047 6049 6053 6057 6059 6060 6064 6065 6069 6070 6071 6077 6078 6082 6083 6086 6090 6091 6095 6099 6101 6106 6110 6113 6114 6117 6118 6119 6124 6131 6134 6137 6141 6144 6146 6147 6151 6153 6154 6159 6160 6163 6175 6189 6192 6194 6206 6208 6209 6214 6217 6234 6239 6241 6249 6255 6265 
	}
	manpower=2000000
	state_category = megalopolis
	history={
		owner = BTM
		add_core_of = BTM
		buildings = {
			infrastructure = 1
			arms_factory = 5
			industrial_complex = 5

		}
	}
	buildings_max_level_factor=1.000
	local_supplies=0.000
}
