state={
	id=236
	name="STATE_236"
	provinces={
		5 15 29 42 67 120 124 136 142 148 159 170 172 208 210 243 320 322 327 352 359 392 463 514 521 547 597 603 616 630 633 645 731 741 753 757 775 805 811 872 882 899 957 970 992 1051 1057 1061 1076 1165 1171 1202 1223 1244 1291 1324 1332 1341 1382 1411 1424 1446 1467 1471 1477 1481 1492 1504 1517 1528 1545 1575 1577 1595 1602 1645 1667 1691 1695 1706 1707 1731 1792 1806 1809 1811 1831 1837 1869 1875 1898 1915 1923 1929 1956 1971 1975 1995 2005 2026 2038 2051 2131 2151 2192 2216 2287 2401 2403 2419 2429 2432 2435 2440 2441 2458 2466 2479 2544 2546 2549 2551 2573 2601 2634 2649 2670 2684 2689 2701 2727 2734 2743 2748 2785 2805 2819 2826 2930 2949 2950 2951 3000 3026 3039 3067 3095 3147 3152 3176 3215 3245 3251 3268 3312 3331 3342 3344 3351 3364 3370 3383 3415 3433 3446 3455 3456 3471 3472 3491 3492 3514 3544 3552 3562 3574 3579 3584 3593 3607 3634 3725 3726 3731 3749 3758 3759 3776 3813 3814 3815 3825 3859 3867 3877 3880 3891 3901 3910 3912 3934 3945 3947 3951 3986 3989 4007 4022 4031 4033 4058 4068 4075 4078 4084 4088 4092 4123 4139 4153 4154 4159 4164 4165 4166 4177 4253 4271 4290 4295 4302 4330 4335 4346 4366 4409 4431 4439 4441 4444 4446 4463 4466 4562 4610 4618 4624 4628 4631 4634 4638 4642 4663 4689 4701 4707 4713 4751 4754 4761 4765 4778 4797 4807 4887 4888 4892 4958 4973 4978 4997 4998 5005 5012 5015 5028 5033 5035 5041 5042 5043 5047 5049 5052 5058 5061 5062 5065 5067 5068 5069 5074 5077 5090 5091 5093 5094 5098 5102 5107 5108 5109 5112 5113 5114 5121 5122 5124 5126 5127 5129 5132 5135 5139 5142 5145 5146 5147 5149 5151 5152 5153 5158 5161 5162 5163 5165 5166 5167 5171 5174 5176 5177 5178 5185 5196 5197 5200 5201 5203 5204 5209 5215 5217 5221 5227 5228 5230 5233 5236 5238 5241 5242 5243 5244 5248 5257 5258 5260 5263 5267 5268 5269 5273 5276 5282 5283 5285 5290 5292 5296 5297 5298 5308 5314 5317 
	}
	manpower=2000000
	state_category = megalopolis
	history={
		owner = BTN
		add_core_of = BTN
		buildings = {
			infrastructure = 1
			arms_factory = 5
			industrial_complex = 5

		}
	}
	buildings_max_level_factor=1.000
	local_supplies=0.000
}
