state={
	id=237
	name="STATE_237"
	provinces={
		45 85 88 98 103 162 251 298 300 321 381 536 588 610 629 806 894 907 908 943 993 1043 1063 1144 1189 1224 1281 1289 1313 1328 1360 1391 1418 1489 1537 1540 1573 1612 1627 1701 1826 1871 1917 2013 2017 2039 2050 2056 2133 2186 2217 2247 2265 2303 2325 2346 2375 2442 2462 2520 2617 2636 2715 2733 2750 2758 2763 2842 2913 2959 3011 3028 3046 3091 3106 3113 3123 3155 3166 3178 3200 3270 3272 3345 3389 3461 3501 3537 3564 3578 3608 3678 3706 3721 3722 3790 3828 3864 3873 3882 3889 3931 4005 4201 4240 4249 4279 4332 4425 4456 4476 4479 4483 4485 4487 4519 4533 4537 4541 4600 4619 4635 4652 4686 4691 4700 4740 4764 4822 4829 4842 4848 4853 4861 4864 4897 5337 5351 5369 5375 5376 5385 5399 5401 5406 5412 5415 5421 5449 5452 5457 5463 5475 5482 5489 5491 5492 5495 5512 5514 5521 5531 5534 5536 5537 5546 5547 5574 5582 5586 5600 5603 5605 5617 5621 5626 5634 5642 5648 5658 5668 5671 5673 5678 5679 5682 5694 5702 5703 5711 5721 5750 5752 5771 5778 5779 5788 5801 5804 
	}
	manpower=2000000
	state_category = megalopolis
	history={
		owner = BTO
		add_core_of = BTO
		buildings = {
			infrastructure = 1
			arms_factory = 5
			industrial_complex = 5

		}
	}
	buildings_max_level_factor=1.000
	local_supplies=0.000
}
