state={
	id=239
	name="STATE_239"
	provinces={
		28 57 86 105 156 176 179 189 191 224 231 238 242 264 294 341 348 354 360 370 388 403 419 421 453 461 491 503 505 537 579 593 604 619 709 728 740 783 814 863 889 896 979 980 986 1000 1026 1038 1055 1183 1211 1219 1282 1347 1363 1365 1384 1441 1449 1459 1496 1499 1518 1520 1524 1550 1565 1574 1609 1631 1639 1658 1668 1725 1742 1775 1781 1791 1850 1862 1965 2029 2062 2066 2092 2128 2165 2175 2215 2226 2227 2243 2248 2268 2281 2293 2300 2392 2396 2434 2446 2472 2477 2527 2547 2615 2646 2680 2692 2746 2831 2856 2953 3023 3031 3062 3066 3139 3148 3246 3249 3255 3311 3361 3403 3481 3489 3490 3576 3589 3618 3636 3648 3662 3712 3772 3822 3843 3930 3961 4002 4042 4082 4106 4138 4147 4163 4191 4198 4300 4320 4468 4497 4508 4566 4589 4656 4721 4775 4796 4871 4899 6489 6496 6500 6501 6507 6512 6518 6521 6527 6533 6545 6547 6550 6553 6560 6562 6565 6566 6581 6583 6587 6589 6590 6591 6594 6599 6600 6608 6609 6610 6613 6614 6616 6617 6618 6619 6623 6624 6627 6629 6631 
	}
	manpower=2000000
	state_category = megalopolis
	history={
		owner = BTQ
		add_core_of = BTQ
		buildings = {
			infrastructure = 1
			arms_factory = 5
			industrial_complex = 5

		}
	}
	buildings_max_level_factor=1.000
	local_supplies=0.000
}
