state={
	id=290
	name="STATE_290"
	provinces={
		82 217 255 271 316 364 372 373 379 510 550 558 632 657 720 732 779 788 807 946 972 975 1005 1045 1048 1162 1169 1272 1355 1433 1475 1589 1606 1698 1705 1724 1730 1810 1813 1892 2030 2060 2089 2363 2366 2556 2599 2695 2724 2820 2939 2981 2988 2998 3007 3009 3056 3100 3191 3297 3420 3469 3543 3588 3695 3856 3927 3960 3981 3995 4099 4148 4207 4266 4321 4360 4361 4383 4396 4553 4579 4603 4654 4678 4681 4683 4722 4779 4820 6531 6539 6540 6543 6549 6554 6573 6574 6578 6579 6585 6586 6601 6603 6604 6605 6606 6615 6620 6621 6626 6632 6633 6637 
	}
	resources = {
		squire_bucks = 200
    }
	history={
		owner = KLT
		add_core_of = KLT
		buildings = {
			infrastructure = 3
			arms_factory = 4
			industrial_complex = 5
		}
	}
	manpower=5000000
	state_category=megalopolis
	buildings_max_level_factor=1.000
	local_supplies=0.000
}
