state={
	id=292
	name="STATE_292"
	provinces={
		25 34 78 227 233 292 502 659 912 932 976 1060 1110 1120 1263 1274 1356 1451 1587 1622 1653 1711 1720 1839 1848 1900 2058 2111 2123 2410 2673 2817 2841 2852 2920 3087 3175 3183 3185 3387 3521 3682 3699 3876 4045 4174 4185 4212 4352 4374 4403 4423 4863 4900 6636 6639 6640 6641 6643 6644 6646 6647 6648 6649 6650 6651 6652 6653 6657 6664 6669 6670 6676 6677 
	}
	history={
		owner = GAN
		add_core_of = GAN
		buildings = {
			infrastructure = 3
			arms_factory = 4
			industrial_complex = 5
		}
	}
	manpower=5000000
	state_category=megalopolis
	buildings_max_level_factor=1.000
	local_supplies=0.000
}
