state={
	id=295
	name="STATE_295"
	provinces={
		1 32 47 566 839 884 1122 1204 1338 1374 1526 1583 1696 1808 1910 1978 2049 2273 2277 2400 2612 2662 2665 2668 2801 2816 2887 2897 2914 3146 3217 3291 3341 3404 3460 3463 3509 3595 3677 3919 4000 4044 4102 4236 4687 4704 4731 4904 4907 4909 4914 4918 4923 4926 4936 4943 4969 4979 4984 4985 4986 5000 5004 5018 5030 5034 5037 5045 5054 5078 5081 5089 5092 5096 5115 
	}
	history={
		owner = BTO
		add_core_of = BTO
		buildings = {
			infrastructure = 3
			arms_factory = 4
			industrial_complex = 5
		}
	}
	manpower=5000000
	state_category=megalopolis
	buildings_max_level_factor=1.000
	local_supplies=0.000
}
