state={
	id=30
	name="STATE_30"
	provinces={
		182 216 301 309 402 545 612 689 795 1083 1088 1132 1314 1390 1415 1619 1703 1717 1732 1818 1847 1855 1884 1893 1952 1988 2014 2167 2171 2201 2609 2779 2877 2941 3003 3018 3036 3063 3136 3218 3277 3435 3451 3464 3504 3546 3669 3770 3833 3834 3869 3871 3900 4037 4043 4067 4113 4116 4155 4242 4280 4385 4570 4826 4855 5734 5800 5812 5813 5817 5855 5859 5870 5871 5895 5907 5914 5921 5939 5951 5993 6015 6027 
	}
	manpower=0
	buildings_max_level_factor=1.000
	local_supplies=0.000
}
