state={
	id=310
	name="STATE_310"
	provinces={
		21 184 249 270 397 441 511 516 664 749 782 792 1011 1037 1054 1150 1172 1434 1534 1614 1637 1640 1647 1670 1737 1856 1909 1941 1950 2084 2164 2228 2261 2454 2545 2705 2807 2854 2863 2956 3004 3298 3301 3322 3359 3369 3561 3601 3611 3709 3798 4015 4171 4182 4250 4415 4426 4679 4748 4908 4920 4944 4949 4955 4959 4971 4974 4977 4981 5021 5050 5059 5075 5079 5080 
	}
	history={
		owner = BTY
		add_core_of = BTY
		buildings = {
			infrastructure = 3
			arms_factory = 4
			industrial_complex = 5

		}

	}
	manpower=10000
	buildings_max_level_factor=1.000
	local_supplies=0.000
	state_category = megalopolis
}
