state={
	id=311
	name="STATE_311"
	provinces={
		5 15 29 42 120 124 142 159 170 208 210 320 327 352 392 547 597 645 741 775 805 970 1171 1244 1324 1467 1481 1504 1645 1695 1701 1806 1831 1869 1898 1915 1923 1929 1956 2005 2038 2051 2131 2401 2419 2429 2432 2440 2544 2549 2573 2670 2689 2785 2949 2950 3026 3039 3095 3147 3152 3176 3331 3342 3344 3383 3491 3492 3514 3544 3574 3584 3593 3725 3726 3759 3815 3825 3877 3934 3945 3947 4007 4031 4058 4068 4075 4078 4084 4088 4092 4164 4166 4253 4295 4302 4330 4335 4441 4624 4634 4663 4701 4707 4713 4765 4797 4807 4888 5005 5015 5042 5049 5058 5062 5065 5068 5074 5077 5091 5093 5102 5112 5113 5122 5135 5142 5149 5152 5158 5162 5163 5166 5167 5176 5177 5196 5201 5217 5227 5233 5260 5263 5285 5290 5297 
	}
	history={
		owner = BTQ
		add_core_of = BTQ
		buildings = {
			infrastructure = 3
			arms_factory = 4
			industrial_complex = 5

		}

	}
	manpower=10000
	buildings_max_level_factor=1.000
	local_supplies=0.000
}
