state={
	id=312
	name="STATE_312"
	provinces={
		45 67 88 98 103 136 243 251 298 321 359 381 463 521 536 588 610 616 629 630 633 731 811 872 882 894 907 908 993 1043 1057 1061 1063 1076 1189 1202 1223 1224 1281 1289 1291 1313 1328 1332 1391 1424 1471 1489 1492 1537 1540 1545 1573 1575 1577 1612 1627 1792 1811 1826 1837 1871 2013 2017 2039 2050 2133 2186 2192 2247 2265 2287 2303 2325 2375 2403 2435 2458 2520 2551 2617 2634 2636 2649 2684 2701 2727 2733 2734 2750 2758 2763 2819 2842 2913 2930 2951 2959 3028 3046 3067 3091 3106 3113 3123 3155 3166 3178 3215 3245 3270 3312 3345 3370 3433 3446 3456 3461 3471 3501 3537 3552 3562 3564 3608 3678 3706 3721 3722 3758 3790 3813 3814 3828 3859 3864 3873 3880 3882 3889 3931 4005 4022 4123 4139 4153 4159 4165 4201 4240 4271 4279 4346 4409 4425 4431 4446 4456 4466 4476 4479 4483 4519 4537 4541 4610 4618 4619 4635 4638 4642 4652 4686 4691 4700 4778 4822 4829 4842 4848 4853 4861 4897 4958 4973 4978 4997 4998 5012 5033 5035 5041 5043 5052 5061 5090 5098 5109 5121 5127 5147 5161 5165 5174 5200 5209 5230 5236 5241 5268 5292 5296 5337 5351 5369 5375 5376 5385 5399 5401 5406 5412 5415 5421 5449 5452 5457 5463 5475 5489 5491 5492 5495 5512 5534 5536 5546 5547 5603 5617 5621 5634 5642 5648 5668 5671 5678 5682 5694 5702 5703 5711 5721 5750 5752 5771 5778 5779 5788 5801 5804 
	}
	history={
		owner = BTR
		add_core_of = BTR
		buildings = {
			infrastructure = 3
			arms_factory = 4
			industrial_complex = 5

		}

	}
	manpower=10000
	buildings_max_level_factor=1.000
	local_supplies=0.000
	state_category = megalopolis
}
