state={
	id=313
	name="STATE_313"
	provinces={
		104 111 116 214 290 328 334 337 424 443 457 530 605 647 652 833 836 938 968 996 1029 1066 1075 1101 1164 1170 1177 1190 1203 1257 1304 1307 1407 1455 1618 1654 1747 1803 1877 1882 1916 1921 2008 2040 2094 2114 2149 2242 2255 2292 2478 2550 2577 2593 2596 2661 2681 2699 2707 2713 2723 2730 2737 2741 2755 2837 2903 2937 2944 2957 2961 2965 3005 3035 3042 3054 3055 3074 3138 3149 3198 3204 3223 3239 3243 3304 3313 3315 3329 3335 3337 3338 3406 3407 3412 3417 3465 3480 3482 3519 3533 3550 3598 3609 3620 3630 3632 3635 3641 3649 3650 3657 3729 3757 3787 3829 3836 3846 3861 3890 3909 3941 3943 3964 3968 3980 4020 4026 4032 4034 4060 4095 4124 4184 4216 4230 4235 4256 4258 4260 4292 4305 4334 4337 4349 4353 4354 4356 4365 4375 4406 4416 4429 4433 4460 4494 4513 4516 4542 4580 4581 4585 4594 4604 4617 4623 4633 4640 4787 4803 4827 4846 4852 4854 4868 4878 4885 4890 4893 4894 5423 5468 5476 5499 5503 5504 5532 5550 5560 5572 5594 5612 5618 5638 5675 5680 5686 5704 5705 5713 5737 5760 5784 5810 5811 5830 5836 5847 5852 5863 5866 5885 5891 5892 5900 5919 5920 5924 5935 5941 5942 5949 5956 5969 5976 5989 5996 6007 6011 6013 6046 6047 6049 6053 6057 6077 6078 6083 6086 6091 6110 6114 6117 6118 6131 6137 6153 6154 6163 6189 6194 6208 6209 6217 6255 6265 
	}
	history={
		owner = BTS
		add_core_of = BTS
		buildings = {
			infrastructure = 3
			arms_factory = 4
			industrial_complex = 5

		}

	}
	manpower=10000
	buildings_max_level_factor=1.000
	local_supplies=0.000
	state_category = megalopolis
}
