state={
	id=314
	name="STATE_314"
	provinces={
		183 188 225 258 285 287 330 415 454 475 524 553 567 627 696 901 902 1017 1028 1082 1103 1128 1138 1217 1239 1366 1470 1479 1502 1509 1516 1538 1590 1638 1650 1673 1680 1688 1710 1729 1761 1876 1917 1936 1967 2006 2018 2025 2056 2071 2081 2085 2120 2130 2271 2342 2349 2372 2391 2402 2445 2469 2494 2509 2542 2548 2555 2565 2645 2647 2660 2718 2768 2781 2791 2878 2885 2954 2975 3032 3053 3099 3135 3184 3208 3276 3282 3293 3309 3324 3346 3362 3427 3453 3467 3473 3477 3488 3528 3536 3547 3585 3587 3591 3711 3767 3812 3841 3870 3887 3895 3914 3917 3967 3972 3977 3983 4006 4018 4057 4062 4080 4097 4101 4136 4192 4231 4275 4307 4333 4342 4362 4397 4420 4455 4459 4502 4507 4512 4520 4526 4532 4538 4560 4688 4690 4693 4696 4697 4735 4740 4745 4752 4758 4836 4851 4866 4880 4886 5541 5549 5564 5589 5595 5599 5600 5622 5664 5685 5688 5695 5696 5697 5712 5730 5742 5743 5745 5757 5758 5763 5768 5783 5794 5802 5815 5821 5826 5829 5835 5840 5843 5851 5862 5875 5881 5882 5888 5894 5898 5899 5905 5911 5916 5917 5918 5928 5945 5946 5947 5948 5950 5955 5968 5974 5975 5992 5994 5995 5999 6002 6006 6008 6012 6017 6029 6031 6035 6038 6039 6045 6059 6060 6064 6065 6069 6070 6071 6082 6090 6095 6099 6101 6106 6113 6119 6124 6134 6141 6144 6146 6147 6151 6159 6160 6175 6192 6206 6214 6234 6239 6241 6249 
	}
	history={
		owner = BTT
		add_core_of = BTT
		buildings = {
			infrastructure = 3
			arms_factory = 4
			industrial_complex = 5

		}

	}
	manpower=10000
	buildings_max_level_factor=1.000
	local_supplies=0.000
}
