state={
	id=36
	name="STATE_36"
	provinces={
		232 239 305 340 485 504 539 578 692 746 791 835 892 920 1035 1049 1348 1463 1511 1560 1659 1714 1746 1748 1771 1778 1800 1821 1873 1902 1983 1994 2041 2097 2198 2199 2386 2464 2486 2541 2607 2648 2725 2777 2918 2929 2963 2993 3002 3020 3108 3263 3531 3545 3638 3646 3658 3747 3821 3946 3955 4017 4038 4122 4156 4193 4196 4221 4371 4473 4602 4608 4738 4763 5218 5277 5279 5284 5299 5320 5339 5342 5352 5364 5374 5384 5386 5398 5408 5411 5431 5456 5458 5483 5484 5488 5526 5590 5639 5662 
	}
	manpower=0
	buildings_max_level_factor=1.000
	local_supplies=0.000
}
