
state={
	id=37
	name="STATE_37"

	history={
		owner = BTI
		add_core_of = BTI
		buildings = {
			infrastructure = 3
			arms_factory = 1
			industrial_complex = 3

		}

	}

	provinces={
		38 55 117 197 206 212 220 254 291 338 345 353 470 568 710 717 751 760 764 768 820 875 1025 1027 1069 1117 1193 1240 1251 1472 1582 1716 1739 1774 1780 1825 1860 1878 1937 1942 1959 2420 2480 2506 2513 2655 2682 2804 2810 2825 2985 3040 3044 3069 3126 3186 3302 3339 3599 3687 3728 3806 3823 3857 3970 4093 4112 4172 4199 4246 4257 4389 4419 4491 4555 4601 4645 4714 4760 4790 4819 4856 5219 5249 5291 5295 5309 5318 5360 5365 5379 5391 5407 5409 5428 5441 5450 5459 5515 5522 5527 5528 5563 5591 5607 5611 5657 5698 5706 5735 5759 
	}
	manpower=500000
	buildings_max_level_factor=1.000
	state_category=megalopolis
	local_supplies=0.000
}
