
state={
	id=4
	name="STATE_4"
	manpower= 620000
	state_category= megalopolis

	history={
		owner = ROO
		add_core_of = ROO
		buildings = {
			infrastructure = 3
			arms_factory = 1
			industrial_complex = 3

		}

	}

	provinces={
		11 44 50 143 151 252 365 369 374 391 396 399 489 517 522 584 639 641 643 697 703 704 776 797 823 841 939 964 990 991 997 1001 1014 1106 1107 1159 1191 1215 1235 1261 1273 1290 1345 1377 1393 1400 1436 1447 1488 1493 1495 1505 1569 1592 1593 1594 1665 1759 1815 1828 1934 1944 1951 1962 1993 2002 2070 2115 2125 2132 2160 2161 2183 2194 2197 2214 2253 2257 2269 2340 2406 2411 2460 2481 2488 2489 2530 2571 2584 2585 2616 2700 2714 2717 2729 2745 2752 2798 2811 2812 2832 2855 2862 2872 2910 2933 2964 2996 3029 3065 3077 3084 3085 3101 3102 3150 3164 3179 3203 3230 3235 3267 3310 3356 3357 3425 3430 3442 3485 3496 3503 3512 3539 3555 3568 3653 3704 3708 3730 3737 3742 3803 3860 3874 3920 3984 3990 4001 4111 4114 4117 4118 4120 4130 4133 4144 4167 4317 4340 4363 4391 4404 4411 4458 4464 4488 4490 4510 4531 4592 4593 4595 4613 4620 4647 4649 4653 4695 4706 4711 4715 4774 4777 4798 4841 4844 4865 6126 6150 6157 6171 6177 6179 6187 6202 6204 6211 6216 6222 6223 6233 6235 6244 6256 6267 6269 6289 6292 6307 6316 6335 6340 6346 6349 6374 6375 6376 6380 6385 6387 6389 6400 6406 6409 6414 6415 6418 6422 6424 6425 6428 6429 6430 6431 6432 6437 6444 6445 6448 6449 6450 6456 6457 6459 6464 6471 6473 6478 6482 6483 6484 6486 6490 6492 6493 6494 6497 6505 6514 
	}
	
	buildings_max_level_factor=1.000
	
	local_supplies=0.000
}
