state={
	id=41
	name="STATE_41"
	provinces={
		16 36 89 96 123 157 207 241 343 350 417 434 471 640 694 758 810 905 951 1080 1305 1426 1490 1549 1664 1699 1824 1830 1846 1957 2011 2204 2229 2256 2301 2316 2360 2364 2444 2468 2516 2592 2623 2644 2756 2772 2787 2840 2938 2968 3015 3045 3259 3266 3428 3497 3600 3614 3631 3672 3765 3783 3881 3918 3958 4047 4087 4145 4181 4245 4339 4424 4427 4518 4734 4800 4882 4924 4928 4929 4930 4942 4946 4947 4951 4952 4961 4965 4966 4975 4982 4983 4992 4993 5001 5002 5006 5009 5016 5025 5036 5048 5055 5064 5070 5086 5099 5157 5199 5287 
	}
	manpower=0
	buildings_max_level_factor=1.000
	local_supplies=0.000
}
