state={
	id=43
	name="STATE_43"
	state_category = large_city
	manpower=20000
	history={
		owner = DEN
		add_core_of = DEN
		buildings = {
			infrastructure = 1
			arms_factory = 3
			industrial_complex = 7

		}
	}
	provinces={
		18 107 132 211 247 299 383 398 428 480 546 569 571 587 602 613 635 662 663 669 681 684 711 722 726 734 822 829 852 858 869 873 916 918 1007 1013 1033 1071 1072 1100 1135 1141 1142 1166 1174 1227 1277 1287 1306 1335 1369 1371 1427 1506 1513 1532 1562 1570 1657 1662 1694 1750 1766 1770 1819 1895 1924 1953 1972 2024 2043 2106 2180 2205 2207 2240 2280 2313 2321 2353 2409 2414 2424 2448 2475 2508 2524 2578 2587 2632 2639 2656 2678 2688 2813 2833 2834 2859 2874 2880 2886 2926 3014 3021 3024 3057 3116 3125 3201 3206 3332 3349 3398 3399 3410 3424 3439 3458 3459 3510 3511 3534 3535 3605 3700 3717 3848 3858 3942 3963 3971 3976 4073 4104 4213 4268 4281 4291 4304 4348 4351 4377 4388 4438 4612 4637 4755 4830 4835 4840 4883 4901 5310 5319 5377 5425 5487 5542 5565 5575 5578 5579 5587 5606 5610 5637 5641 5669 5691 5738 5739 5746 5754 5765 5785 5789 5795 5805 5808 5816 5822 5827 5841 5844 5845 5848 5854 5858 5869 5877 5902 5904 5922 5932 5964 5979 5986 6009 6010 6042 6048 6062 6084 6104 6152 6156 6164 6168 6195 
	}
	
	buildings_max_level_factor=1.000
	local_supplies=0.000
}
