state={
	id=54
	name="STATE_54"
	provinces={
		144 154 223 234 315 325 333 357 427 467 492 519 565 576 620 626 638 864 879 880 883 910 961 1056 1216 1340 1353 1448 1458 1522 1548 1552 1556 1561 1585 1643 1652 1666 1682 1715 1760 1853 1874 1885 1896 1930 1933 1945 1996 2001 2031 2121 2162 2195 2252 2295 2373 2380 2382 2385 2394 2471 2503 2621 2676 2694 2738 2767 2783 2867 3043 3071 3143 3189 3226 3242 3306 3385 3476 3506 3580 3602 3628 3883 3925 3950 4008 4103 4149 4243 4285 4573 4884 4902 4903 4905 4910 4915 4921 4922 4963 5029 5032 5038 5040 5044 5071 5125 5138 5140 5160 5175 5188 5192 5195 5206 5229 5235 5255 5288 
	}
	manpower=500000
	state_category = megalopolis
	history={
		owner = NSA
		add_core_of = NSA
		buildings = {
			infrastructure = 1
			arms_factory = 3
			industrial_complex = 7

		}
	}
	buildings_max_level_factor=1.000
	local_supplies=0.000
}
#Navian Salvation Army