state={
	id=61
	name="STATE_61"
	provinces={
		2 41 161 229 236 363 387 452 543 561 634 813 865 1112 1212 1303 1404 1414 1432 1501 1515 1669 1690 1733 1777 1785 1854 1948 2088 2144 2177 2210 2294 2397 2500 2538 2666 2697 2775 2788 2796 2969 3022 3107 3221 3233 3373 3538 3661 4004 4081 4202 4247 4480 4503 4575 4809 5020 5066 5076 5082 5085 5097 5101 5131 5141 5168 5216 5240 5245 5247 5251 5275 5303 
	}
	manpower=3000000
	state_category = megalopolis
	history={
		owner = FKD
		add_core_of = FKD
		buildings = {
			infrastructure = 1
			arms_factory = 3
			industrial_complex = 7

		}
	}
	buildings_max_level_factor=1.000
	local_supplies=0.000
}
