
state={
	id=8
	name="STATE_8"
	manpower= 620000
	state_category = megalopolis

	history={
		owner = NLA
		add_core_of = NLA
		buildings = {
			infrastructure = 3
			arms_factory = 1
			industrial_complex = 3

		}

	}

	provinces={
		8 48 245 284 395 429 661 701 719 737 738 745 1002 1023 1074 1090 1097 1198 1233 1311 1388 1396 1422 1456 1474 1531 1555 1608 1611 1718 1743 1769 1845 1954 2118 2179 2208 2286 2358 2379 2453 2521 2786 2806 2814 2845 2932 2970 2986 3016 3047 3112 3187 3229 3319 3353 3372 3386 3392 3393 3413 3563 3569 3633 3673 3690 3697 3753 3769 3780 3807 3810 3847 3878 3933 3937 3985 3998 4003 4065 4070 4100 4115 4178 4197 4215 4224 4241 4287 4359 4408 4418 4552 4557 4676 4723 4769 4849 4870 5014 5019 5056 5057 5073 5087 5088 5100 5104 5110 5116 5119 5123 5134 5144 5150 5155 5156 5159 5164 5173 5182 5183 5184 5191 5194 5205 5208 5214 5220 5222 5232 5239 5246 5250 5254 5262 5265 5274 5278 5281 5293 5301 5304 5311 5313 5316 5321 5325 5327 5340 5355 5357 5380 5381 5394 5403 5405 5427 5443 5455 5460 5502 
	}
	
	buildings_max_level_factor=1.000
	local_supplies=0.000
}
