state={
	id=84
	name="STATE_84"
	provinces={
		13 23 127 323 442 513 606 608 672 713 885 886 941 969 1108 1327 1385 1445 1494 1542 1564 1687 1836 1870 1889 1897 1999 2036 2055 2189 2231 2251 2319 2347 2395 2455 2498 2569 2708 2759 2776 2889 2922 2924 2960 2994 3012 3027 3059 3068 3075 3140 3162 3169 3278 3523 3549 3713 3714 3763 3818 3830 3831 3905 4016 4023 4141 4232 4288 4314 4324 4358 4376 4382 4387 4417 4436 4443 4511 4556 4559 4571 4577 4724 4736 4768 4802 4832 4879 5416 5417 5432 5448 5451 5466 5474 5485 5490 5497 5498 5501 5509 5523 5551 5552 5556 5602 5609 5636 5640 5643 5653 5663 5699 5707 5710 5715 5727 5761 5780 5790 5793 5856 
	}
	manpower=500000
	state_category = megalopolis
	history={
		owner = BCS
		add_core_of = BCS
		buildings = {
			infrastructure = 1
			arms_factory = 3
			industrial_complex = 7

		}
	}
	buildings_max_level_factor=1.000
	local_supplies=0.000
}
