state={
	id=9
	name="STATE_9"
	provinces={
		160 167 260 469 507 670 774 840 842 849 853 927 928 955 1039 1098 1109 1123 1137 1225 1333 1421 1425 1439 1604 1734 1756 1911 2068 2154 2176 2233 2456 2490 2517 2543 2562 2742 2869 2905 2907 2991 3086 3212 3234 3273 3284 3429 3505 3572 3615 3696 3762 4028 4048 4110 4140 4173 4183 4186 4204 4229 4263 4278 4283 4308 4369 4414 4437 4449 4500 4565 4621 4674 4719 4720 4728 4746 4749 4781 4788 4810 4812 4831 5323 5333 5378 5383 5392 5402 5410 5426 5429 5430 5447 5469 5496 5500 5508 5519 5529 5539 5555 5568 5597 5614 5623 5624 5628 5650 5652 5665 5670 5681 5684 5719 5724 5728 5747 5755 5764 5786 5806 
	}
	manpower=6200000
	history={
		owner = ROB
		core = ROB
		buildings = {
			infrastructure = 3
			arms_factory = 1
			industrial_complex = 3

		}
	}
	buildings_max_level_factor=1.000
	local_supplies=0.000
}
